/scratch/pawel/20141016-153125                                                                                                                                                                                                                                 
(4D20.10)                                                                                                                                                                                                                                                      
  420    1    2    0   18    2    0
    0.1000000000D-01
/scratch/pawel/20141016-153125
/scratch/pawel/20141016-153125
  1  1  1  1  1  1  1
cfn218c1cfn218c1cfn218c1cfn218c1cfn218c1cfn218c1
  2  1  1  1  1  1  1
cfn218c1cfn218c1cfn218c1cfn218c1cfn218c1cfn218c1
  3  1  1  1  1  1  1
cfn218c1cfn218c1cfn218c1cfn218c1cfn218c1cfn218c1
  4  1  1  1  1  1  1
cfn218c1cfn218c1cfn218c1cfn218c1cfn218c1cfn218c1
  5  1  1  1  1  1  1
cfn218c1cfn218c1cfn218c1cfn218c1cfn218c1cfn218c1
  6  1  1  1  1  1  1
cfn218c1cfn218c1cfn218c1cfn218c1cfn218c1cfn218c1
 dipoles atom            1
    0.9920153889D-03    0.6306680000D-08    0.4112417502D-03   -0.5072444905D-03
    0.6313840000D-08   -0.1427152910D-03    0.1324873895D-04    0.1491949994D-02
    0.1334891768D-04    0.1324858340D-04   -0.1491937367D-02    0.1334879440D-04
   -0.2668526535D-03    0.6324080000D-08   -0.9655489891D-03    0.2745118808D-03
    0.6316470000D-08    0.9894846808D-03
 dipoles atom            2
    0.2765662953D-03    0.6304130000D-08   -0.5062911668D-03   -0.2128850457D-03
    0.6335570000D-08    0.4937415454D-03    0.4767496851D-04   -0.2975216933D-02
    0.2752697070D-04    0.4767500395D-04    0.2975229568D-02    0.2752698860D-04
   -0.4921189098D-03    0.6312880000D-08    0.8334711997D-03    0.5217931545D-03
    0.6329440000D-08   -0.7665327348D-03
 dipoles atom            3
    0.2128850356D-03    0.6334410000D-08   -0.4937415224D-03   -0.2765663034D-03
    0.6305150000D-08    0.5062911911D-03   -0.4767349613D-04   -0.2975216903D-02
   -0.2752609240D-04   -0.4767359475D-04    0.2975229539D-02   -0.2752614665D-04
   -0.5217931616D-03    0.6328720000D-08    0.7665327564D-03    0.4921189064D-03
    0.6313620000D-08   -0.8334711718D-03
 dipoles atom            4
   -0.6828126745D-03    0.6325610000D-08    0.3820069100D-03    0.7026036697D-03
    0.6315110000D-08   -0.3898333118D-03    0.1817236008D-04    0.1490597150D-02
    0.4801431510D-05    0.1817219614D-04   -0.1490584522D-02    0.4801370040D-05
    0.7690101616D-03    0.6320780000D-08    0.1539657745D-03   -0.7596359108D-03
    0.6318580000D-08   -0.1586409217D-03
 dipoles atom            5
    0.5072479949D-03    0.6314580000D-08    0.1427239212D-03   -0.9920118678D-03
    0.6302040000D-08   -0.4112331230D-03   -0.1324635838D-04    0.1491949992D-02
   -0.1334092392D-04   -0.1324626181D-04   -0.1491937364D-02   -0.1334084659D-04
   -0.2745118905D-03    0.6317320000D-08   -0.9894846574D-03    0.2668526438D-03
    0.6323130000D-08    0.9655490100D-03
 dipoles atom            6
   -0.7026036794D-03    0.6315970000D-08    0.3898333345D-03    0.6828126639D-03
    0.6324710000D-08   -0.3820068883D-03   -0.1816997349D-04    0.1490597147D-02
   -0.4793445620D-05   -0.1816987808D-04   -0.1490584519D-02   -0.4793412240D-05
    0.7596359025D-03    0.6318320000D-08    0.1586409451D-03   -0.7690101704D-03
    0.6321140000D-08   -0.1539657517D-03
 gradients atom            1
    0.5101957534D-03    0.3668259646D-09    0.9368630976D-04   -0.5155489822D-03
   -0.9028263333D-09   -0.3130728570D-04   -0.3352183107D-04   -0.3239221398D-09
   -0.2648740791D-03    0.2080343050D-04    0.4011321374D-09    0.2364192930D-03
   -0.3110061344D-04    0.2126848250D-09   -0.1313947503D-04    0.4914511453D-04
    0.2461344146D-09   -0.2079552780D-04   -0.5156130451D-03    0.3693951725D-09
   -0.8297260620D-04    0.5802666662D-03   -0.9057166043D-09   -0.1479053356D-04
   -0.6238238896D-04   -0.3229257971D-09    0.3126382053D-03   -0.5357489841D-04
    0.4023623743D-09   -0.2186552848D-03    0.4230222668D-04    0.2117362408D-09
    0.1666866890D-04    0.9028872272D-05    0.2451202547D-09   -0.1287863233D-04
   -0.5339279936D-05    0.2305858164D-03   -0.2001096970D-05    0.4307767932D-04
   -0.3434190778D-03   -0.1827803728D-04   -0.4339227033D-04    0.5182197652D-04
    0.2502788347D-04   -0.2366675884D-04    0.2257727720D-04    0.1330697452D-04
    0.5150015438D-05    0.1196695689D-03   -0.4484085138D-05    0.2417043356D-04
   -0.8122066547D-04   -0.1357012584D-04   -0.5339277515D-05   -0.2305850807D-03
   -0.2001067274D-05    0.4307767819D-04    0.3434172709D-03   -0.1827807276D-04
   -0.4339226546D-04   -0.5182262028D-04    0.2502788708D-04   -0.2366676164D-04
   -0.2257647490D-04    0.1330697801D-04    0.5150015753D-05   -0.1196691455D-03
   -0.4484087294D-05    0.2417042941D-04    0.8122115512D-04   -0.1357012449D-04
    0.7740095617D-04    0.3506350008D-09    0.3460077322D-02   -0.2180221111D-05
   -0.8875144627D-09   -0.3278791680D-02   -0.3087294393D-04   -0.3204680525D-09
   -0.1032852621D-03   -0.4871988407D-04    0.4012164483D-09   -0.8013344850D-04
   -0.1856118742D-04    0.2120604577D-09    0.1791486412D-05    0.2291222352D-04
    0.2436636328D-09    0.3296421159D-06   -0.8401230336D-04    0.3831946950D-09
   -0.3346425862D-02    0.8459651489D-04   -0.9173415526D-09    0.3122624347D-02
   -0.5559638327D-04   -0.3215083397D-09    0.1551095464D-03    0.4210062376D-06
    0.3997637181D-09    0.1076020653D-03    0.2906376463D-04    0.2106756651D-09
   -0.1144015757D-04    0.2554799715D-04    0.2447135115D-09   -0.2744485546D-04
 gradients atom            2
   -0.5369187147D-03    0.3697396585D-09   -0.4516241379D-04    0.7665590685D-02
   -0.9161695913D-09    0.9586911970D-03   -0.4421269430D-02   -0.3277106466D-09
   -0.1903867313D-02   -0.2541951674D-02    0.4184036073D-09    0.1154044528D-02
    0.2451981918D-04    0.2116624212D-09    0.6768923808D-05   -0.1899592684D-03
    0.2436577413D-09   -0.1704941874D-03    0.5267765488D-03    0.3652957140D-09
    0.4100749555D-04   -0.7546255565D-02   -0.8874694046D-09   -0.8713895380D-03
    0.4236822827D-02   -0.3142764989D-09    0.1879816972D-02    0.2562671432D-02
    0.3816622832D-09   -0.1175468358D-02   -0.1487993860D-04    0.2110597739D-09
   -0.1670018010D-04    0.2348685860D-03    0.2448524275D-09    0.1427427906D-03
   -0.5750086820D-05   -0.3412464516D-03   -0.1676313960D-06    0.4291395319D-04
    0.1038239858D-02   -0.2553990177D-04   -0.3785607949D-04   -0.4579915899D-03
    0.2846086595D-04   -0.2867946733D-04   -0.3414370972D-03    0.1548788512D-04
    0.5170394803D-05    0.5119200149D-04   -0.4671006645D-05    0.2420179540D-04
    0.5119264278D-04   -0.1357200823D-04   -0.5750091465D-05    0.3412471868D-03
   -0.1676632255D-06    0.4291398541D-04   -0.1038241665D-02   -0.2553988511D-04
   -0.3785607160D-04    0.4579909473D-03    0.2846086973D-04   -0.2867949881D-04
    0.3414378987D-03    0.1548789762D-04    0.5170394902D-05   -0.5119157846D-04
   -0.4671010050D-05    0.2420179267D-04   -0.5119215377D-04   -0.1357200645D-04
   -0.4627901862D-05    0.3857142128D-09   -0.3140790532D-02    0.9629414440D-03
   -0.9088559301D-09    0.6466520198D-02   -0.1949119114D-02   -0.3245424878D-09
   -0.2115312583D-02    0.1106834758D-02    0.3922962628D-09   -0.1163236377D-02
   -0.2868692700D-03    0.2103775188D-09   -0.1363975265D-03    0.1708168279D-03
    0.2450411850D-09    0.8921074070D-04   -0.9897952848D-06    0.3480760577D-09
    0.3261252312D-02   -0.8649653055D-03   -0.8942486165D-09   -0.6630820530D-02
    0.1831196200D-02   -0.3168340127D-09    0.2167221130D-02   -0.1138298783D-02
    0.4081773224D-09    0.1194916340D-02    0.2953141322D-03    0.2123010191D-09
    0.1242750721D-03   -0.1222293243D-03    0.2432650663D-09   -0.1168330160D-03
 gradients atom            3
    0.1487993543D-04    0.3665593139D-09    0.1670014743D-04   -0.4236822837D-02
   -0.9052572192D-09   -0.1879816927D-02    0.7546255554D-02   -0.3038424247D-09
    0.8713895824D-03   -0.2348685731D-03    0.3994010585D-09   -0.1427428016D-03
   -0.5267765518D-03    0.2101780559D-09   -0.4100752820D-04   -0.2562671419D-02
    0.2322963089D-09    0.1175468346D-02   -0.2451982222D-04    0.3683570054D-09
   -0.6768956233D-05    0.4421269420D-02   -0.8999777770D-09    0.1903867359D-02
   -0.7665590693D-02   -0.3380290367D-09   -0.9586911515D-03    0.1899592812D-03
    0.4014693827D-09    0.1704941770D-03    0.5369187114D-03    0.2125020484D-09
    0.4516238155D-04    0.2541951687D-02    0.2556166777D-09   -0.1154044539D-02
   -0.5170391547D-05    0.5119215739D-04    0.4671018396D-05    0.3785602050D-04
   -0.4579921716D-03   -0.2846084857D-04   -0.4291400820D-04    0.1038240441D-02
    0.2553992079D-04   -0.2420174062D-04    0.5119279898D-04    0.1357198055D-04
    0.5750090706D-05   -0.3412466081D-03    0.1676400485D-06    0.2867951965D-04
   -0.3414372541D-03   -0.1548791107D-04   -0.5170392330D-05   -0.5119142236D-04
    0.4671017115D-05    0.3785603309D-04    0.4579903650D-03   -0.2846084180D-04
   -0.4291404200D-04   -0.1038241084D-02    0.2553990330D-04   -0.2420174205D-04
   -0.5119199748D-04    0.1357198014D-04    0.5750094263D-05    0.3412470312D-03
    0.1676600044D-06    0.2867954058D-04    0.3414377433D-03   -0.1548791868D-04
   -0.2953141351D-03    0.3667879672D-09   -0.1242751046D-03   -0.1831196209D-02
   -0.9041626472D-09   -0.2167221085D-02    0.8649652962D-03   -0.3112037899D-09
    0.6630820575D-02    0.1222293375D-03    0.3998692935D-09    0.1168330052D-03
    0.9897922352D-06    0.1993915915D-09   -0.3261252346D-02    0.1138298796D-02
    0.2492364972D-09   -0.1194916351D-02    0.2868692670D-03    0.3677950802D-09
    0.1363974938D-03    0.1949119104D-02   -0.9003990363D-09    0.2115312627D-02
   -0.9629414542D-03   -0.3292119415D-09   -0.6466520156D-02   -0.1708168147D-03
    0.4010066571D-09   -0.8921075173D-04    0.4627898921D-05    0.2226038968D-09
    0.3140790500D-02   -0.1106834744D-02    0.2388741537D-09    0.1163236366D-02
 gradients atom            4
    0.2269741599D-04    0.3674989717D-09   -0.2015205975D-04   -0.2540795689D-02
   -0.8874461157D-09    0.1120098655D-02   -0.2566444593D-03   -0.3201630297D-09
    0.1722876916D-03    0.2756237284D-02    0.3844650769D-09   -0.1221849741D-02
    0.1929307647D-04    0.2108056454D-09   -0.6101999323D-05   -0.7558006391D-06
    0.2449083164D-09   -0.4426151608D-04   -0.3164112037D-04    0.3674039014D-09
    0.2884121668D-04    0.2562887348D-02   -0.9172847285D-09   -0.1125739832D-02
    0.1686548055D-03   -0.3218574903D-09   -0.1205613425D-03   -0.2740045927D-02
    0.4158235944D-09    0.1204006723D-02   -0.8820730341D-05    0.2119588183D-09
   -0.3716021512D-05    0.4895021736D-04    0.2434944180D-09    0.1714126887D-04
   -0.5140851322D-05    0.2253730185D-04    0.4973890202D-05    0.4904000307D-04
   -0.3435426129D-03   -0.2861513389D-04   -0.4335497401D-04    0.5186369163D-04
    0.2496621486D-04   -0.2980475331D-04    0.2307447117D-03    0.1662283203D-04
    0.5165606462D-05   -0.8122373010D-04   -0.4406645389D-05    0.2409519954D-04
    0.1196563380D-03   -0.1354460790D-04   -0.5140849447D-05   -0.2253656637D-04
    0.4973886522D-05    0.4903996870D-04    0.3435408057D-03   -0.2861511566D-04
   -0.4335496949D-04   -0.5186433574D-04    0.2496621761D-04   -0.2980472414D-04
   -0.2307439093D-03    0.1662281828D-04    0.5165605415D-05    0.8122415361D-04
   -0.4406648919D-05    0.2409519816D-04   -0.1196558482D-03   -0.1354460702D-04
    0.2281517440D-03    0.3660946595D-09   -0.8824470446D-04    0.1199498679D-02
   -0.9086242952D-09   -0.1206080933D-02   -0.1995376174D-03   -0.3209633521D-09
    0.1283397633D-03   -0.1228151639D-02    0.4078501818D-09    0.1175774160D-02
    0.6537370352D-05    0.2116218402D-09    0.9052116127D-05   -0.6448966449D-05
    0.2439963078D-09   -0.1881587950D-04   -0.2403419043D-03    0.3687602717D-09
    0.9956510163D-04   -0.1129140531D-02   -0.8960151050D-09    0.1152500379D-02
    0.1136093564D-03   -0.3210662049D-09   -0.7791589176D-04    0.1197409513D-02
    0.3930607371D-09   -0.1147262149D-02    0.3545316445D-05    0.2111593949D-09
   -0.1882437887D-04    0.5487597839D-04    0.2446268951D-09   -0.8092834226D-05
 gradients atom            5
   -0.4230222946D-04    0.3674090786D-09   -0.1666870097D-04    0.6238237921D-04
   -0.9037359311D-09   -0.3126381602D-03   -0.5802666763D-03   -0.3238507656D-09
    0.1479057869D-04   -0.9028858379D-05    0.4014095136D-09    0.1287862150D-04
    0.5156130420D-03    0.2131588527D-09    0.8297257400D-04    0.5357491232D-04
    0.2458280788D-09    0.2186552738D-03    0.3110061049D-04    0.3691119914D-09
    0.1313944280D-04    0.3352181952D-04   -0.9064326585D-09    0.2648741251D-03
    0.5155489709D-03   -0.3220897583D-09    0.3130733121D-04   -0.4914510040D-04
    0.4024406346D-09    0.2079551649D-04   -0.5101957559D-03    0.2111648299D-09
   -0.9368634262D-04   -0.2080341604D-04    0.2453353746D-09   -0.2364193049D-03
   -0.5150023418D-05    0.1196697250D-03    0.4484023457D-05    0.4339229372D-04
    0.5182139465D-04   -0.2502782105D-04   -0.4307765582D-04   -0.3434184957D-03
    0.1827810815D-04   -0.2417044802D-04   -0.8122050923D-04    0.1357012562D-04
    0.5339272177D-05    0.2305856600D-03    0.2001028521D-05    0.2366674346D-04
    0.2257712085D-04   -0.1330697525D-04   -0.5150023283D-05   -0.1196689896D-03
    0.4484024305D-05    0.4339229094D-04   -0.5182320239D-04   -0.2502782058D-04
   -0.4307765540D-04    0.3434178519D-03    0.1827812936D-04   -0.2417044488D-04
    0.8122131148D-04    0.1357012437D-04    0.5339269787D-05   -0.2305852363D-03
    0.2001008717D-05    0.2366674512D-04   -0.2257663123D-04   -0.1330697761D-04
   -0.2906376771D-04    0.3667226098D-09    0.1144012479D-04    0.5559637357D-04
   -0.9020017647D-09   -0.1551095018D-03   -0.8459652443D-04   -0.3306239768D-09
   -0.3122624303D-02   -0.2554798408D-04    0.4008201965D-09    0.2744484455D-04
    0.8401230050D-04    0.2219703937D-09    0.3346425831D-02   -0.4209931801D-06
    0.2437306536D-09   -0.1076020768D-03    0.1856118441D-04    0.3679843628D-09
   -0.1791519024D-05    0.3087293472D-04   -0.9028096419D-09    0.1032853065D-03
    0.2180211460D-05   -0.3106215669D-09    0.3278791725D-02   -0.2291221031D-04
    0.4000883874D-09   -0.3296530772D-06   -0.7740095918D-04    0.2002743462D-09
   -0.3460077356D-02    0.4871989727D-04    0.2446900243D-09    0.8013343737D-04
 gradients atom            6
    0.8820727690D-05    0.3678387512D-09    0.3715989008D-05   -0.1686548146D-03
   -0.9019283126D-09    0.1205613876D-03   -0.2562887356D-02   -0.3310976448D-09
    0.1125739876D-02   -0.4895020462D-04    0.3995953968D-09   -0.1714128003D-04
    0.3164111774D-04    0.2112870575D-09   -0.2884124943D-04    0.2740045940D-02
    0.2548451650D-09   -0.1204006733D-02   -0.1929307935D-04    0.3669842536D-09
    0.6101966866D-05    0.2566444494D-03   -0.9017885344D-09   -0.1722876449D-03
    0.2540795678D-02   -0.3103182477D-09   -0.1120098610D-02    0.7558140563D-06
    0.4014196651D-09    0.4426150512D-04   -0.2269741912D-04    0.2112430951D-09
    0.2015202726D-04   -0.2756237271D-02    0.2330604800D-09    0.1221849730D-02
   -0.5165613905D-05   -0.8122357405D-04    0.4406583542D-05    0.4335499641D-04
    0.5186311056D-04   -0.2496614986D-04   -0.4903997315D-04   -0.3435420311D-03
    0.2861519523D-04   -0.2409521378D-04    0.1196564944D-03    0.1354460725D-04
    0.5140843644D-05    0.2253714577D-04   -0.4973952473D-05    0.2980473349D-04
    0.2307445551D-03   -0.1662282890D-04   -0.5165613635D-05    0.8122430957D-04
    0.4406586412D-05    0.4335499593D-04   -0.5186491659D-04   -0.2496615231D-04
   -0.4903995192D-04    0.3435413868D-03    0.2861518403D-04   -0.2409521374D-04
   -0.1196556921D-03    0.1354460722D-04    0.5140842264D-05   -0.2253672236D-04
   -0.4973950587D-05    0.2980471232D-04   -0.2307440654D-03   -0.1662281977D-04
   -0.3545319425D-05    0.3673721809D-09    0.1882434646D-04   -0.1136093650D-03
   -0.9021423714D-09    0.7791593721D-04    0.1129140522D-02   -0.3166620115D-09
   -0.1152500334D-02   -0.5487596544D-04    0.4005670219D-09    0.8092823044D-05
    0.2403419011D-03    0.2122622250D-09   -0.9956513384D-04   -0.1197409499D-02
    0.2394173983D-09    0.1147262138D-02   -0.6537373493D-05    0.3673880107D-09
   -0.9052148342D-05    0.1995376080D-03   -0.9021953440D-09   -0.1283397177D-03
   -0.1199498689D-02   -0.3248796772D-09    0.1206080979D-02    0.6448979498D-05
    0.4004511893D-09    0.1881586869D-04   -0.2281517469D-03    0.2104417778D-09
    0.8824467213D-04    0.1228151651D-02    0.2491022477D-09   -0.1175774171D-02
Thu Oct 16 15:31:49 2014
