/scratch/pawel/20161006-111356                                                                                                                                                                                                                                 
(4D20.10)                                                                                                                                                                                                                                                      
  420    1    2    0    9    2    0
    0.1000000000D-01
/scratch/pawel/20161006-111356
/scratch/pawel/20161006-111356
  1  1  1  1  1  1  1
phosphorphosphorphosphorphosphorphosphorphosphor
  2  1  1  1  1  1  1
phosphorphosphorphosphorphosphorphosphorphosphor
  3  1  1  1  1  1  1
phosphorphosphorphosphorphosphorphosphorphosphor
 dipoles atom            1
    0.2003534883D-02    0.0000000000D+00   -0.8426960425D+00   -0.2013690704D-02
    0.0000000000D+00   -0.8446609507D+00   -0.5723202280D-05    0.3676971949D-02
   -0.8436730986D+00   -0.5723203670D-05   -0.3676971949D-02   -0.8436730986D+00
    0.1305310884D-02   -0.1000000000D-13   -0.8422556436D+00   -0.1321508929D-02
    0.0000000000D+00   -0.8450860379D+00
 dipoles atom            2
   -0.4022847023D-02    0.0000000000D+00   -0.8436807724D+00    0.4022847023D-02
    0.0000000000D+00   -0.8436807724D+00    0.0000000000D+00   -0.7353860743D-02
   -0.8436597357D+00   -0.6000000000D-13    0.7353860743D-02   -0.8436597357D+00
    0.5000000000D-13    0.1000000000D-13   -0.8464822276D+00    0.2000000000D-13
    0.0000000000D+00   -0.8408233339D+00
 dipoles atom            3
    0.2013690704D-02    0.0000000000D+00   -0.8446609507D+00   -0.2003534883D-02
    0.0000000000D+00   -0.8426960425D+00    0.5723202290D-05    0.3676971949D-02
   -0.8436730986D+00    0.5723202240D-05   -0.3676971949D-02   -0.8436730986D+00
   -0.1305310883D-02    0.0000000000D+00   -0.8422556436D+00    0.1321508929D-02
    0.0000000000D+00   -0.8450860379D+00
 gradients atom            1
    0.3184228719D-02   -0.3052594679D-13   -0.1930815305D-02   -0.2869216310D-02
    0.1111767812D-13    0.1628833489D-02   -0.3154128396D-03    0.6924187288D-13
    0.3146732283D-03   -0.3177943290D-02    0.1128021150D-13    0.2038966689D-02
    0.2932869281D-02   -0.4135604453D-12   -0.1742632119D-02    0.2454787745D-03
   -0.1469872715D-13   -0.2839080429D-03    0.4676035627D-04    0.1328801825D-05
    0.8474424422D-05   -0.9951345640D-05   -0.1711451074D-05   -0.1226188791D-04
   -0.3681340458D-04   -0.1119942574D-06    0.1630982274D-04    0.4676035636D-04
   -0.1328801866D-05    0.8474424415D-05   -0.9951345803D-05    0.1711451191D-05
   -0.1226188829D-04   -0.3681340454D-04    0.1119942967D-06    0.1630982283D-04
   -0.1973957886D-02   -0.3756382155D-13    0.1932532229D-02    0.2310830657D-02
   -0.2007648973D-12   -0.2044000335D-02   -0.3374472738D-03   -0.5836719394D-13
    0.1243832625D-03    0.1994849377D-02   -0.3267968628D-13   -0.1883572983D-02
   -0.2255142214D-02    0.7706482653D-13    0.1987815249D-02    0.2608475738D-03
   -0.1039013202D-13   -0.9205693120D-04
 gradients atom            2
   -0.2896859509D-02   -0.5409395649D-13    0.2339674374D-02    0.5804856826D-02
    0.1770082434D-12   -0.9795284036D-04   -0.2907192094D-02   -0.3822366636D-13
   -0.2229183917D-02    0.2907192094D-02   -0.6599246712D-13   -0.2229183917D-02
   -0.5804856825D-02   -0.1294353008D-12   -0.9795284011D-04    0.2896859509D-02
    0.0000000000D+00    0.2339674374D-02    0.4432194866D-04   -0.1234266097D-05
    0.7263924496D-05    0.2097946242D-12    0.3457765460D-05   -0.2065779039D-05
   -0.4432194857D-04   -0.1234266131D-05    0.7263924518D-05    0.4432194861D-04
    0.1234266091D-05    0.7263924541D-05   -0.1214450146D-12   -0.3457765743D-05
   -0.2065778943D-05   -0.4432194847D-04    0.1234266075D-05    0.7263924485D-05
    0.1696275435D-02    0.4439107553D-13   -0.1991122157D-02    0.2554758031D-13
   -0.1255942781D-13    0.3994033352D-02   -0.1696275435D-02    0.5273568215D-13
   -0.1991122157D-02   -0.1674125491D-02    0.3708654642D-13    0.2041194541D-02
    0.9587367898D-13   -0.1496883310D-12   -0.4069139985D-02    0.1674125491D-02
   -0.1643575496D-13    0.2041194541D-02
 gradients atom            3
   -0.2454787745D-03   -0.1029624191D-13   -0.2839080428D-03   -0.2932869281D-02
   -0.7967066222D-13   -0.1742632119D-02    0.3177943290D-02    0.4763274048D-13
    0.2038966689D-02    0.3154128396D-03    0.0000000000D+00    0.3146732284D-03
    0.2869216311D-02   -0.5098052428D-12    0.1628833489D-02   -0.3184228719D-02
    0.3691481693D-13   -0.1930815305D-02    0.3681340466D-04   -0.1119943077D-06
    0.1630982280D-04    0.9951345526D-05   -0.1711451029D-05   -0.1226188804D-04
   -0.4676035624D-04    0.1328801843D-05    0.8474424415D-05    0.3681340465D-04
    0.1119942452D-06    0.1630982281D-04    0.9951345430D-05    0.1711450966D-05
   -0.1226188887D-04   -0.4676035628D-04   -0.1328801850D-05    0.8474424435D-05
    0.3374472739D-03    0.0000000000D+00    0.1243832627D-03   -0.2310830657D-02
   -0.2331108251D-12   -0.2044000335D-02    0.1973957886D-02   -0.1109877895D-13
    0.1932532229D-02   -0.2608475738D-03   -0.4021843128D-13   -0.9205693118D-04
    0.2255142215D-02    0.1917181705D-13    0.1987815249D-02   -0.1994849377D-02
    0.0000000000D+00   -0.1883572983D-02
Thu Oct  6 11:14:45 2016
